2 0.518333 0.700000 0.336667 0.203333
2 0.524167 0.894167 0.311667 0.135000
2 0.855833 0.738333 0.278333 0.073333
2 0.524167 0.520000 0.325000 0.103333
2 0.533333 0.312500 0.333333 0.155000
2 0.525833 0.109167 0.318333 0.128333
2 0.855000 0.130000 0.286667 0.140000
2 0.852500 0.260000 0.271667 0.113333
2 0.855000 0.393333 0.286667 0.120000
2 0.181667 0.477500 0.313333 0.178333
2 0.185000 0.285000 0.310000 0.130000
2 0.199167 0.098333 0.288333 0.130000
2 0.183333 0.696667 0.320000 0.140000
2 0.189167 0.915000 0.305000 0.136667