4 0.059635 0.596759 0.099479 0.154630
4 0.172135 0.601389 0.100521 0.163889
4 0.281250 0.593519 0.084375 0.131481
4 0.133594 0.408796 0.042188 0.126852
4 0.229948 0.425463 0.083854 0.134259
4 0.339062 0.420370 0.087500 0.161111
4 0.663542 0.428241 0.083333 0.143519
4 0.762240 0.431944 0.082812 0.136111
4 0.875781 0.440741 0.092188 0.135185
4 0.716667 0.612963 0.080208 0.170370
4 0.814323 0.606944 0.086979 0.147222
4 0.916406 0.615741 0.092188 0.131481
4 0.800260 0.821296 0.090104 0.135185
4 0.191406 0.803704 0.089063 0.111111